0.1783871651
0.1801629066
0.1818850040
0.1889510155
0.1852948666
0.1798601151
0.2077510357
0.2183430195
0.2203648090
0.2266390324
0.2139770985
0.2038049698
0.2040040493
0.1712338924
0.1663429737
0.1689059734
0.1652979851
0.1634590626
0.1679930687
0.1651639938
0.3294689655
0.3229899406
0.3291790485
0.3293170929
0.3262588978
0.3260021210
0.3292000294
0.3226940632
0.3259279728
0.3260359764
0.3252599239
0.3251471519
0.3319070339
0.3240978718
0.3237698078
0.3259971142
0.3240480423
0.3271529675
0.3285849094
0.3256909847
0.4839420319
0.4870960712
0.4870049953
0.4875349998
0.4871721268
0.5176930428
0.4875319004
0.4884018898
0.4848608971
0.5412139893
0.6075148582
0.6400258541
0.5091350079
0.5060989857
0.4955728054
0.4864838123
0.4872810841
0.4887621403
0.5677909851
0.6012301445
0.7522790432
0.6589388847
0.6443550587
0.7947371006
0.8228268623
0.6562709808
0.6454889774
0.6590390205
0.6594629288
0.6541509628
0.6541469097
0.6568050385
0.8030090332
0.7863039970
0.6487119198
0.6502919197
0.6501550674
0.6581640244
0.7110528946
0.8032109737
0.8946089745
0.8063888550
0.8045210838
0.8082501888
0.8041210175
0.8108270168
0.9607138634
0.9505269527
0.8070390224
0.8070878983
0.8094909191
0.8073549271
0.8078000546
0.8012239933
0.8079419136
0.9260940552
0.9915051460
0.8093760014
0.8298599720
0.9989140034
1.0487051010
0.9658391476
1.0006439686
0.9695219994
0.9643590450
0.9677789211
1.0383269787
1.1963388920
0.9682588577
1.0628898144
1.1961429119
0.9718589783
0.9669420719
0.9650371075
0.9815731049
0.9692461491
0.9657268524
0.9738719463
0.9713118076
0.9659729004
1.3019270897
1.2530300617
1.1260399818
1.1318609715
1.3479578495
1.2264308929
1.1293499470
1.1307840347
1.1243009567
1.2849841118
1.2643458843
1.1256828308
1.1363949776
1.3238039017
1.2247090340
1.1614701748
1.1346459389
1.1295828819
1.1253099442
1.1818850040
1.5399119854
1.2943749428
1.2893509865
1.5335021019
1.3413751125
1.2942810059
1.4227130413
1.4506499767
1.3705739975
1.5990581512
1.4928739071
1.3406400681
1.5469579697
1.2830598354
1.2966480255
1.5262989998
1.3495769501
1.2919070721
1.2891519070
1.2872960567
1.4922070503
1.7045190334
1.6378321648
1.7756910324
1.7495479584
1.9083430767
1.7722089291
1.7424299717
1.9220030308
1.6244609356
1.8202350140
1.8243761063
1.5784480572
1.8144881725
1.5670859814
1.5682680607
1.5368769169
1.8341791630
1.5984950066
1.8222770691
2.0049989223
1.8928420544
2.0876989365
2.2972109318
1.9363648891
2.2246508598
1.8801410198
1.8050599098
1.9712901115
1.7389769554
1.8833348751
1.8537070751
1.7384071350
1.9514470100
1.6629028320
2.0901980400
1.9333200455
2.2985548973
2.0751149654
2.1639370918
