0.2177128792


0.2054169178


0.2075870037


0.2087049484


0.2062640190


0.2262489796


0.2058739662


0.2506179810


0.2065799236


0.2023670673


0.1980438232


0.2001481056


0.2004880905


0.2745449543


0.2087261677


0.1970779896


0.1943919659


0.1941478252


0.1947588921


0.1948230267


0.3995738029


0.3919470310


0.3903439045


0.3924999237


0.3933169842


0.3938040733


0.3936529160


0.3917930126


0.4230680466


0.5047900677


0.4846091270


0.4660451412


0.3918099403


0.3932290077


0.3952751160


0.4222149849


0.4854159355


0.4852190018


0.4725260735


0.3914330006


0.5848770142


0.5941560268


0.5851571560


0.5879418850


0.5893309116


0.5864398479


0.5850059986


0.5997960567


0.5861489773


0.5860979557


0.5881640911


0.5881190300


0.5993378162


0.5916321278


0.6111640930


0.7244539261


0.7230260372


0.5848829746


0.5867290497


0.5853688717


0.7795469761


0.8514399529


0.9622941017


0.8221819401


0.7788529396


0.9369418621


0.9343469143


0.7810850143


0.8371379375


0.9641640186


0.8328361511


0.7799010277


0.7802031040


0.7808380127


0.9230880737


0.9294471741


0.7952599525


0.7812211514


0.7768139839


0.8305580616


1.2071421146


0.9821510315


0.9708991051


0.9794619083


1.1589488983


1.0785651207


0.9739348888


1.1953599453


1.0456299782


0.9953439236


1.2044689655


1.0086200237


1.0262639523


1.2100279331


0.9768068790


0.9763989449


0.9728000164


1.0404629707


1.0765271187


1.1943180561


1.2471680641


1.2350258827


1.1989719868


1.3465099335


1.2187161446


1.2091200352


1.2640559673


1.6808938980


1.9096779823


1.4709510803


1.5126919746


1.2558388710


1.4388978481


1.3715119362


1.3439059258


1.2731018066


1.3074738979


1.3365790844


1.4662060738


1.2623970509


1.5067219734


1.5974721909


1.5775339603


1.5622861385


1.5340850353


1.6780672073


1.5393958092


1.5438010693


1.5712330341


1.4996368885


1.5234680176


1.4861698151


1.5215909481


1.5022349358


1.5283889771


1.5196120739


1.7099990845


1.5471098423


1.5381369591


1.5589489937


1.7918028831


1.7366549969


1.8319320679


1.7356328964


1.7615878582


1.7547390461


1.9014251232


1.7763299942


1.7311489582


1.9415190220


1.7767810822


1.7622420788


1.7713258266


1.8698971272


1.8649320602


1.7614829540


1.8242568970


1.6999571323


1.7881000042


1.7583820820


1.9958369732


2.0121891499


2.1333191395


2.0060780048


1.9834730625


1.9998769760


2.0232579708


3.0399429798


2.2186579704


2.4316661358


2.2139232159


2.2211780548


2.2693600655


2.2207698822


2.4477090836


1.8516001701


1.9648709297


1.7637898922


1.8070511818


1.8043429852


4.4940700531


5.2299029827


4.9957840443


4.1469228268


3.2137920856


2.7125599384


3.0362839699


2.8302338123


4.1033120155


4.0652480125


4.1328418255


3.8619489670


4.4491758347


2.6023349762


2.5249950886


2.0883541107


1.9800908566


1.9633891582


2.1223781109


1.9733071327


0.2021820545
0.2091398239
0.1978900433
0.1986382008
0.2002220154
0.2011110783
0.2068519592
0.2038710117
0.2004160881
0.1983671188
0.2021179199
0.2059841156
0.2066960335
0.1984241009
0.2038300037
0.2290060520
0.2271280289
0.2281908989
0.2236170769
0.2074809074
0.4141480923
0.4200768471
0.4800920486
0.3918910027
0.3964049816
0.4401860237
0.3954792023
0.4415860176
0.5076630116
0.4470820427
0.4278619289
0.3979389668
0.4157462120
0.3957390785
0.4083809853
0.4073069096
0.4646980762
0.4373660088
0.4296531677
0.4895339012
0.7013869286
0.5865588188
0.6377820969
0.5965409279
0.5872581005
0.6178169250
0.6074120998
0.5990240574
0.5942699909
0.6253941059
0.6069581509
0.7226519585
0.7742249966
0.6596391201
0.6835420132
0.5867848396
0.6333248615
0.6243238449
0.5944218636
0.6330709457
0.9950330257
0.9690790176
0.8603951931
0.8406980038
0.8197138309
0.8361639977
1.0203979015
0.8963651657
0.8238818645
0.8724570274
0.8941419125
0.9103260040
1.0239000320
1.0996580124
1.3593840599
1.0731298923
1.3060889244
1.1483430862
0.9008450508
1.2137398720
1.4065961838
1.2141211033
1.1389210224
1.0742750168
1.3527100086
1.2777049541
1.1888070107
1.1809999943
1.2706761360
1.1745469570
1.2673590183
1.4024870396
1.2553429604
1.1397638321
1.4198958874
1.0820248127
1.2298569679
1.1847159863
1.3786499500
1.1115000248
1.3950409889
1.3969299793
1.4479510784
1.4649000168
1.3820488453
1.4989700317
1.3655011654
1.5872709751
1.2590279579
1.5853669643
1.2022049427
1.2159290314
1.2235269547
1.5378181934
1.4828817844
1.3567779064
1.3406090736
1.5667359829
1.4249968529
1.6327359676
1.4836108685
1.4584598541
1.4569988251
1.5804679394
1.6873350143
1.5293540955
1.6481120586
1.7254929543
1.5709371567
1.6669600010
1.6457118988
1.9027311802
1.5319030285
1.7400541306
1.6822788715
1.9620900154
1.5842010975
1.5780708790
1.6109120846
1.7607810497
2.1824450493
2.1220569611
1.9474680424
1.9431860447
1.8895971775
1.6746599674
1.8232500553
1.7930319309
1.6953070164
1.6562669277
1.6104719639
1.6016259193
1.6076490879
1.6049349308
1.6643369198
1.8452439308
1.7272090912
1.9063189030
2.0514919758
1.7911651134
2.1753659248
2.3735699654
1.9320290089
2.2545070648
2.0649819374
2.2781369686
2.0480909348
2.2648270130
2.0858638287
2.0334551334
2.2688210011
2.0552351475
2.3170859814
1.9327168465
1.9405448437
1.8743879795
2.2359840870
2.0003011227
2.1771578789
2.2067680359
2.0853521824
2.2687880993
2.4211769104
3.4353930950
3.2720489502
3.2829759121
3.0405640602
2.4215600491
2.1994519234
2.4403319359
2.3687348366
2.0346939564
2.2964799404
2.1685140133
2.4064781666
2.1608359814
2.4492559433
2.3274431229
2.6556229591
2.2042510509
