0.1772460938
0.1744887829
0.1797780991
0.1929359436
0.1803698540
0.1778781414
0.1900207996
0.1780860424
0.1744151115
0.1776401997
0.1788358688
0.1771790981
0.1633439064
0.1651151180
0.1632659435
0.1639850140
0.1651318073
0.1648898125
0.1642940044
0.1661050320
0.3245999813
0.3305392265
0.3237729073
0.3262419701
0.3270370960
0.3219778538
0.3223149776
0.3261971474
0.3229839802
0.3265891075
0.3230299950
0.3250350952
0.3230469227
0.3272941113
0.3237819672
0.3255579472
0.3256549835
0.3215470314
0.3238282204
0.3233559132
0.4830188751
0.4834110737
0.4910349846
0.4847741127
0.4835119247
0.4839251041
0.4831581116
0.4820909500
0.4866130352
0.4830310345
0.4834089279
0.4832479954
0.4847249985
0.4863018990
0.4835720062
0.4881670475
0.4850270748
0.4834411144
0.4837419987
0.4862291813
0.6583459377
0.6598179340
0.8800752163
0.7984039783
0.6585640907
0.6593649387
0.9366331100
0.9136221409
0.6667389870
0.6525139809
0.6676728725
0.6575989723
0.6602950096
0.6595289707
0.6709368229
0.6660408974
0.6612789631
0.6572351456
0.6577610970
0.7512590885
1.0288589001
0.8262839317
0.8343141079
1.0174038410
0.9124879837
0.8378210068
0.8354270458
0.8392379284
0.8397250175
0.8156430721
1.0226509571
0.9321808815
0.8307380676
0.8276309967
0.8185050488
0.9670641422
0.9890949726
0.8331770897
0.8229439259
0.8277881145
0.9910879135
0.9901099205
1.2317640781
1.0429809093
0.9947137833
0.9905998707
0.9965088367
0.9982471466
0.9953680038
1.2967770100
1.1248939037
0.9963829517
0.9861071110
1.0597770214
1.2087321281
1.0005099773
1.0677549839
0.9932382107
1.2448928356
1.0655732155
1.2926790714
1.3537549973
1.1448948383
1.1500370502
1.3127331734
1.2842798233
1.1512529850
1.1612567902
1.1533679962
1.1479089260
1.1560549736
1.1571931839
1.1595120430
1.2863180637
1.4183070660
1.2061989307
1.4478030205
1.1417849064
1.3563780785
1.2546319962
1.3200089931
1.3881709576
1.5392420292
1.3270390034
1.3111028671
1.3196611404
1.5691401958
1.3726599216
1.3970570564
1.3796329498
1.4863390923
1.4808340073
1.3277039528
1.3849799633
1.6312649250
1.3687760830
1.3262941837
1.3617279530
1.3646659851
1.3206510544
1.4793210030
1.7153608799
1.5814268589
1.7285640240
1.5407731533
1.4828679562
1.7425341606
1.5446369648
1.4788608551
1.4845261574
1.4835929871
1.7628889084
1.5009069443
1.4884400368
1.4792268276
1.7527489662
1.4904451370
1.7810738087
1.5629210472
2.0067660809
1.8081049919
2.1573779583
1.9112679958
2.0488419533
1.7246119976
1.6977620125
1.6732809544
1.6715149879
1.6175951958
1.6235489845
1.6172358990
1.6142189503
1.6165361404
1.6932439804
1.9059469700
1.6502070427
1.6337490082
1.6297748089
1.8370599747
1.7205200195
