0.1319730282
0.1257050037
0.1242859364
0.1244518757
0.1282610893
0.1251451969
0.1244978905
0.2563509941
0.2513961792
0.2494108677
0.2518198490
0.2567820549
0.2511968613
0.2501189709
0.4420177937
0.3786849976
0.3777458668
0.3778131008
0.3806760311
0.3774440289
0.3766410351
0.5082879066
0.5014908314
0.5055680275
0.5074989796
0.5031709671
0.5051701069
0.5047819614
0.5031208992
0.6374950409
0.7811799049
0.7571530342
0.6337571144
0.6298489571
0.6324050426
0.6303970814
0.6323578358
0.7781090736
0.7733829021
0.9064581394
