0.1750330925
0.1908769608
0.1816329956
0.1853361130
0.1811549664
0.1797358990
0.1748321056
0.1753630638
0.1789910793
0.1795520782
0.1814961433
0.1897490025
0.1874268055
0.1776781082
0.1695098877
0.1720690727
0.2062480450
0.1864681244
0.2049300671
0.2031350136
0.3843579292
0.3380010128
0.3341679573
0.4049599171
0.3672139645
0.3713438511
0.3873069286
0.3245010376
0.3242630959
0.3667271137
0.3609929085
0.3659560680
0.4675900936
0.4063589573
0.4333498478
0.3563549519
0.3388361931
0.3763990402
0.3311581612
0.3366770744
0.5463030338
0.5521969795
0.5210118294
0.5891449451
0.5560839176
0.5266199112
0.6962828636
0.6389658451
0.5126059055
0.4961209297
0.4923839569
0.4861679077
0.4872968197
0.5205740929
0.4956350327
0.4959208965
0.4872221947
0.5005381107
0.4918298721
0.5008668900
0.6711938381
0.6473388672
0.6475389004
0.6529431343
0.6560258865
0.7105491161
0.6594200134
0.6582531929
0.6574449539
0.6460099220
0.6483550072
0.6460130215
0.6465141773
0.6468589306
0.6451308727
0.6430370808
0.6544167995
0.7074749470
0.7319021225
0.9436748028
1.0388970375
0.9451739788
1.0760779381
1.0415701866
0.9160418510
1.1501989365
1.0753371716
0.9240510464
0.9431140423
0.9005181789
1.0952370167
1.0373380184
0.9349839687
0.8808119297
0.9373638630
0.8917739391
0.8896269798
0.9111778736
1.0916159153
0.9420080185
1.0652260780
1.1087532043
1.1357309818
1.2776069641
1.0371508598
1.0186789036
1.1488850117
1.2930111885
1.0632128716
0.9842660427
1.0116729736
1.0023720264
1.0290730000
1.0428898335
1.0086569786
1.0635850430
1.0397670269
1.3597290516
0.9973909855
1.0594198704
1.1762719154
1.1669280529
1.1682980061
1.3399248123
1.3960180283
1.2580559254
1.4562940598
1.2015008926
1.2201290131
1.1439709663
1.2037429810
1.4007458687
1.1374640465
1.1979160309
1.3387851715
1.4249489307
1.1758491993
1.1740660667
1.3251888752
1.3141798973
1.6519520283
1.4820270538
1.5228221416
1.4143590927
1.3780100346
1.3838491440
1.4979300499
1.5565748215
1.3364729881
1.3451111317
1.4552359581
1.4246959686
1.4130158424
1.6667799950
1.4786350727
1.3967220783
1.3894088268
1.4128348827
1.4639132023
1.4824399948
1.6104619503
1.5838861465
1.4471738338
1.6153259277
1.5785000324
1.6885380745
1.6299259663
1.7565369606
1.5051190853
1.5195789337
1.5049209595
1.9105060101
1.5544857979
1.9607260227
1.8278610706
1.8479092121
2.1097400188
1.7448420525
1.8978838921
1.6885120869
1.9517099857
2.1733651161
1.7705700397
1.8885409832
1.9378149509
1.8615760803
1.7212049961
1.7522571087
1.7329471111
1.6387550831
1.7591819763
1.7734749317
1.9369599819
1.6671109200
1.9121668339
1.6999518871
1.8155570030
1.6247310638
1.8401839733
1.6983048916
